method                         n    sec   spd calls  lat_mse   psnr   clip  dclip
B2_zero                        8  55.95  1.41   636   0.0563  25.05  28.06   0.01
B2_zero_late                   8  55.94  1.41   636   0.0118  32.74  28.01  -0.04
L4_all_w10_k4                  8  39.67  1.99   450   0.0194  30.32  28.23   0.17
full                           8  79.12  1.00   900   0.0000   0.00  28.05   0.00
steps15                        8  39.48  2.00   450   0.3865  14.47  27.97  -0.08
tea0.1                         8  39.08  2.02   450   0.2383  18.18  27.08  -0.97

method                            tde    dSubj      dBg dMotion%  dSharp%
B2_zero                       0.00349  -0.0028  -0.0007    -3.00    -5.64
B2_zero_late                  0.00095  +0.0011  -0.0005    -1.71    -0.68
L4_all_w10_k4                 0.00137  -0.0007  -0.0012    +6.82    +6.78
full                          0.00000  +0.0000  +0.0000    +0.00    +0.00
steps15                       0.01303  -0.0505  +0.0008   -10.77    -7.68
tea0.1                        0.00806  -0.0293  -0.0062   -11.89   -21.74
